<<<<<<< HEAD
=======
동철이의 일분배
1
3
13 0 50
12 70 90
25 60 100


카드게임
3
4
1 3 2 1
6
2 1 1 2 3 3
7
1 3 3 3 1 1 3


노드
3

>>>>>>> 74b25b8fe080b8e2dcde5cefb49a437866485967
1
6 5
1 4
1 3
2 3
2 5
4 6
<<<<<<< HEAD
1 6
=======
1 6
7 4
1 6

2 3
2 6
3 5
1 5
9 9
2 6
4 7
5 7
1 5
2 9
3 9
4 8
5 3
7 8
1 9


ladder1, 2
1
1 0 0 0 1 0 1 0 0 1
1 0 0 0 1 0 1 1 1 1
1 0 0 0 1 0 1 0 0 1
1 0 0 0 1 1 1 0 0 1
1 0 0 0 1 0 1 0 0 1
1 1 1 1 1 0 1 1 1 1
1 0 0 0 1 0 1 0 0 1
1 1 1 1 1 0 1 0 0 1
1 0 0 0 1 1 1 0 0 1
1 0 0 0 1 0 1 0 0 2

>>>>>>> 74b25b8fe080b8e2dcde5cefb49a437866485967
