15
8
38 39 40 41 42 43 44 45
46 47 48 49 50 51 52 53
54 55 56 57 58 59 60 61
62 63 64 1 2 3 4 5
6 7 8 9 10 11 12 13
14 15 16 17 18 19 20 21
22 23 24 25 26 27 28 29
30 31 32 33 34 35 36 37
4
13 2 14 12
10 16 6 5
1 8 3 15
7 11 4 9
2
1 3
2 4
2
2 3
1 4
4
10 16 13 15
3 1 6 8
12 7 14 9
2 5 4 11
2
1 3
4 2
7
23 45 6 25 22 13 9
30 40 12 20 33 16 28
4 46 42 48 21 41 11
17 37 36 15 29 3 10
47 5 43 27 26 1 19
34 14 24 49 44 31 2
38 18 39 32 35 8 7
8
55 34 7 60 2 18 10 42
19 27 11 47 14 24 40 30
48 4 58 32 54 26 36 15
12 61 8 64 33 62 56 21
38 51 5 57 39 23 29 17
9 1 41 20 35 37 59 63
16 22 28 44 52 6 3 13
43 53 31 25 45 46 50 49
9
42 43 44 45 46 47 48 49 50
51 52 53 54 55 56 57 58 59
60 61 62 63 64 65 66 67 68
69 70 71 72 73 74 75 76 77
78 79 80 81 1 2 3 4 5
6 7 8 9 10 11 12 13 14
15 16 17 18 19 20 21 22 23
24 25 26 27 28 29 30 31 32
33 34 35 36 37 38 39 40 41
2
3 2
4 1
14
133 134 135 136 137 138 139 140 141 142 143 144 145 146
147 148 149 150 151 152 153 154 155 156 157 158 159 160
161 162 163 164 165 166 167 168 169 170 171 172 173 174
175 176 177 178 179 180 181 182 183 184 185 186 187 188
189 190 191 192 193 194 195 196 1 2 3 4 5 6
7 8 9 10 11 12 13 14 15 16 17 18 19 20
21 22 23 24 25 26 27 28 29 30 31 32 33 34
35 36 37 38 39 40 41 42 43 44 45 46 47 48
49 50 51 52 53 54 55 56 57 58 59 60 61 62
63 64 65 66 67 68 69 70 71 72 73 74 75 76
77 78 79 80 81 82 83 84 85 86 87 88 89 90
91 92 93 94 95 96 97 98 99 100 101 102 103 104
105 106 107 108 109 110 111 112 113 114 115 116 117 118
119 120 121 122 123 124 125 126 127 128 129 130 131 132
8
34 36 10 47 60 53 11 23
28 30 40 9 63 2 27 46
5 42 32 19 21 51 20 14
4 58 35 56 31 54 39 13
52 48 50 8 43 7 45 29
61 18 3 62 12 17 59 15
22 64 37 49 16 38 6 33
57 1 55 26 24 44 25 41
7
19 26 34 12 25 48 40
32 43 49 39 28 44 1
33 14 8 15 23 6 38
3 21 24 13 9 7 41
42 17 31 4 45 27 18
20 29 47 22 30 5 2
16 46 10 37 36 35 11
2
2 3
4 1
5
20 21 22 23 24
25 1 2 3 4
5 6 7 8 9
10 11 12 13 14
15 16 17 18 19
